   0.0000000000000000     
   1.0000062236184850     
   1.0000062233275400     
   1.0000062208676126     
   1.0000062200226403     
   1.0000062181767211     
   1.0000062204510973     
   1.0000062177962685     
   1.0000062207604403     
   1.0000062175869096     
   1.0000062208356564     
   1.0000062176838147     
   1.0000062205275422     
   1.0000062182391791     
   1.0000062196976449     
   1.0000062193549863     
   1.0000062183085769     
   1.0000062209723724     
   1.0000062165471479     
   1.0000062227502620     
   1.0000062149224265     
   1.0000062240189096     
   1.0000062142279518     
   1.0000062239340495     
   1.0000062152473652     
   1.0000062219169292     
   1.0000062181928253     
   1.0000062182742160     
   1.0000062221333146     
   1.0000062145773208     
   1.0000062249697457     
   1.0000062131884746     
   1.0000062244855461     
   1.0000062156757297     
   1.0000062202610625     
   1.0000062209479741     
   1.0000062149775890     
   1.0000062250507129     
   1.0000062131189766     
   1.0000062240455387     
   1.0000062169096571     
   1.0000062183385643     
   1.0000062230141940     
   1.0000062136205252     
   1.0000062248424813     
   1.0000062153614060     
   1.0000062200111375     
   1.0000062216913224     
   1.0000062144113424     
   1.0000062244847359     
   1.0000062155222016     
   1.0000062198698292     
   1.0000062217948111     
   1.0000062145561708     
   1.0000062238390646     
   1.0000062167376640     
   1.0000062183558203     
   1.0000062229649731     
   1.0000062143956148     
   1.0000062223394919     
   1.0000062190199672     
   1.0000062146230595     
   1.0000062215605934     
   1.0000062088124864     
   1.0000062001691590     
   1.0000061784440901     
   1.0000061043097299     
   1.0000059646871233     
   1.0000056392366696     
   1.0000049233272892     
   1.0000034486369864     
   1.0000004073094335     
  0.99999433653051562     
  0.99998256471892744     
  0.99996022837611587     
  0.99991895417740662     
  0.99984465556383217     
  0.99971427642228472     
  0.99949152950251485     
  0.99912121766142492     
  0.99852234449821964     
  0.99758085364350924     
  0.99614282314387426     
  0.99400979722142924     
  0.99093875229567874     
  0.98664874132276681     
  0.98083554340937640     
  0.97319420262652467     
  0.96344594425466912     
  0.95136196803689943     
  0.93677376649434907     
  0.91955874643417979     
  0.89959331413444510     
  0.87667527938460466     
  0.85043165428801648     
  0.82024178577738738     
  0.78521347348719395     
  0.74424543133141308     
  0.69619003872622365     
  0.64009942689125243     
  0.56882935538627766     
  0.48567844771777613     
  0.39652307396262143     
  0.30847275242422978     
  0.22813570210500037     
  0.16019298894806935     
  0.10674997285035380     
   6.7520184278023490E-002
   4.0560352345835722E-002
   2.3161458199080522E-002
   1.2586549875264440E-002
   6.5171506624615442E-003
   3.2194562634912912E-003
   1.5193421414467919E-003
   6.8586841813629627E-004
   2.9652473772167536E-004
   1.2290204188321945E-004
   4.8871983031278280E-005
   1.8652700331214255E-005
   6.8332731656875360E-006
   2.4021973039072973E-006
   8.0996977901857664E-007
   2.6178448310957299E-007
   8.1051888224086174E-008
   2.4026424859881854E-008
   6.8162344338652986E-009
   1.8502293129686275E-009
   4.8051346150215465E-010
   1.1940720130533414E-010
   2.8399481619591984E-011
   6.4670831042429310E-012
   1.4106846913621781E-012
   2.9492531729988474E-013
   5.9130896019967356E-014
   1.1376580653660204E-014
   2.1017790130193136E-015
   3.7310149450764722E-016
   6.3682156125575003E-017
   1.0457843412133218E-017
   1.6533973261043853E-018
   2.5182154634860390E-019
   3.6970091611653145E-020
   5.2348278602278577E-021
   7.1530479212979658E-022
   9.4373365295614166E-023
   1.2028184715960445E-023
   1.4816851103188332E-024
   1.7648995062124526E-025
   2.0336946934033834E-026
   2.2679703302777480E-027
   2.4487806498688807E-028
   2.5608821282943317E-029
   2.5948621397522438E-030
   2.5484353155154682E-031
   2.4266621368101414E-032
   2.2410706396748474E-033
   2.0078865091575169E-034
   1.7457416540122407E-035
   1.4732994198147165E-036
   1.2071987904126133E-037
   9.6060201590420917E-039
   7.4247056142810325E-040
   5.5753773132034067E-041
   4.0682826529322385E-042
   2.8851397130302277E-043
   1.9889009575065479E-044
   1.3329582923823909E-045
   8.6863741980918088E-047
   5.5047251332641791E-048
   3.3928107882470760E-049
   2.0340312648667818E-050
   1.1862386972583660E-051
   6.7304024055327681E-053
   3.7153355064108191E-054
   1.9955947000263450E-055
   1.0430109972933667E-056
   5.3047922716004710E-058
   2.6255925839938128E-059
   1.2646725757242667E-060
   5.9282824263912984E-062
   2.7044800379604179E-063
   1.2007228110469480E-064
   5.1880205802004305E-066
   2.1814853663728898E-067
   8.9265203160703614E-069
   3.5544695404220692E-070
   1.3772390309971862E-071
   5.1923115534440307E-073
   1.9045822230199185E-074
   6.7966133965314292E-076
   2.3593975200231907E-077
   7.9667778067033652E-079
   2.6163149672191475E-080
   8.3554731612461756E-082
   2.5945908893140576E-083
   7.8328836709660720E-085
   2.2985947535931957E-086
   6.5556957401702340E-088
   1.8167938601428840E-089
   0.0000000000000000     
