   0.0000000000000000     
   1.0000057456366409     
   1.0000055528821026     
   1.0000051708043047     
   1.0000045980449273     
   1.0000045999574771     
   1.0000045974817930     
   1.0000046005038346     
   1.0000045969905302     
   1.0000046008916694     
   1.0000045967642639     
   1.0000046008902717     
   1.0000045970633591     
   1.0000046002261285     
   1.0000045981477488     
   1.0000045986905821     
   1.0000046001270584     
   1.0000045963275612     
   1.0000046027488056     
   1.0000045936439246     
   1.0000046052278893     
   1.0000045916902629     
   1.0000046063117551     
   1.0000045917967710     
   1.0000046047789286     
   1.0000045948401695     
   1.0000046003534815     
   1.0000046002673897     
   1.0000045945558369     
   1.0000046056080898     
   1.0000045905797372     
   1.0000046074003210     
   1.0000045915061240     
   1.0000046036857073     
   1.0000045975022824     
   1.0000045964807962     
   1.0000046044403370     
   1.0000045913781757     
   1.0000046064460961     
   1.0000045930360986     
   1.0000046014997481     
   1.0000045999579248     
   1.0000045945477996     
   1.0000046049178575     
   1.0000045930290735     
   1.0000046026386837     
   1.0000045981952765     
   1.0000045964837210     
   1.0000046031274534     
   1.0000045944675990     
   1.0000046017088564     
   1.0000045984732311     
   1.0000045969516413     
   1.0000046019615429     
   1.0000045960615067     
   1.0000046001694680     
   1.0000045994092566     
   1.0000045970210125     
   1.0000046008980457     
   1.0000045977543919     
   1.0000045987977528     
   1.0000046001903427     
   1.0000045981894403     
   1.0000046003807723     
   1.0000046007573911     
   1.0000046003056910     
   1.0000045984941284     
   1.0000045854073545     
   1.0000045404499351     
   1.0000044087981683     
   1.0000040637828929     
   1.0000032119491145     
   1.0000012321494052     
  0.99999685488056211     
  0.99998755676625495     
  0.99996857224023550     
  0.99993121353138015     
  0.99986020069246007     
  0.99972977133715590     
  0.99949817064625202     
  0.99910041076433065     
  0.99843969762035845     
  0.99737825012714409     
  0.99572909837596024     
  0.99325144573111690     
  0.98965237196069666     
  0.98459734867097271     
  0.97773082331608197     
  0.96870497359104490     
  0.95721047507254708     
  0.94299930223227824     
  0.92588728757696004     
  0.90572568528032349     
  0.88233874701546444     
  0.85543772246459227     
  0.82453711799908491     
  0.78891102064552876     
  0.74762870356624567     
  0.69969365750937429     
  0.64427965745624671     
  0.57348328929066605     
  0.49044005356430237     
  0.40100026682861484     
  0.31235820242785423     
  0.23126338626847584     
  0.16253919424944491     
  0.10839680102696903     
   6.8605668751562446E-002
   4.1234352135171633E-002
   2.3556801202070057E-002
   1.2806164810845075E-002
   6.6329535500622800E-003
   3.2775409780881224E-003
   1.5471095138558705E-003
   6.9854239524954676E-004
   3.0205675955901587E-004
   1.2521420858144298E-004
   4.9798261825563454E-005
   1.9008580363290071E-005
   6.9644277348341112E-006
   2.4485535125272112E-006
   8.2567677972628664E-007
   2.6688361369384836E-007
   8.2637013525358059E-008
   2.4498024956640771E-008
   6.9504688589996820E-009
   1.8867756215261274E-009
   4.9003043483706474E-010
   1.2177796373231500E-010
   2.8964590796239954E-011
   6.5960283891880523E-012
   1.4388634736638468E-012
   3.0082635422392480E-013
   6.0315821981439097E-014
   1.1604873507756127E-014
   2.1440089910308374E-015
   3.8060680802536639E-016
   6.4964567076729548E-017
   1.0668649407428179E-017
   1.6867566216169064E-018
   2.5690667628823414E-019
   3.7717233033726264E-020
   5.3406981123125272E-021
   7.2978118354344389E-022
   9.6284523537190378E-023
   1.2271913865739143E-023
   1.5117256142825747E-024
   1.8007009328761145E-025
   2.0749691686048439E-026
   2.3140210212285262E-027
   2.4985245896728762E-028
   2.6129249504473480E-029
   2.6476163051682841E-030
   2.6002649683672061E-031
   2.4760326778002031E-032
   2.2866806615038069E-033
   2.0487638732127909E-034
   1.7812929967476856E-035
   1.5033112959942075E-036
   1.2317968705825266E-037
   9.8018057773515527E-039
   7.5760709166483265E-040
   5.6890683971504937E-041
   4.1512608234321477E-042
   2.9439991349367989E-043
   2.0294849502635734E-044
   1.3601631803647331E-045
   8.8636927557677663E-047
   5.6171165832735158E-048
   3.4620952975367142E-049
   2.0755754320129326E-050
   1.2104711661921141E-051
   6.8679133030021164E-053
   3.7912565435368479E-054
   2.0363798508940996E-055
   1.0643307421798004E-056
   5.4132405699809481E-058
   2.6792760940583401E-059
   1.2905337914228915E-060
   6.0495249987929240E-062
   2.7597976847445500E-063
   1.2252854292427496E-064
   5.2941617724177167E-066
   2.2261211760768804E-067
   9.1091875647536562E-069
   3.6272138893130887E-070
   1.4054279497727991E-071
   5.2985968493402080E-073
   1.9435723170900843E-074
   6.9357649490834217E-076
   2.4077074498088950E-077
   8.1299163960537074E-079
   2.6698948412279713E-080
   8.5266004897696887E-082
   2.6477347259460682E-083
   7.9933339425133169E-085
   2.3456832757238818E-086
   6.6900045332543553E-088
   1.8540178995493604E-089
   0.0000000000000000     
