   0.0000000000000000     
   1.0000401241319334     
   1.0000326515904217     
   1.0000180358107233     
  0.99999691083734044     
  0.99999691304648319     
  0.99999690993633228     
  0.99999691397354240     
  0.99999690907068095     
  0.99999691467482532     
  0.99999690864792523     
  0.99999691470205132     
  0.99999690912325334     
  0.99999691364407939     
  0.99999691079730646     
  0.99999691138702118     
  0.99999691352174369     
  0.99999690840067523     
  0.99999691648132338     
  0.99999690581490586     
  0.99999691833256310     
  0.99999690501062088     
  0.99999691789676226     
  0.99999690669443242     
  0.99999691518441070     
  0.99999690998945134     
  0.99999691192033568     
  0.99999691256024770     
  0.99999691058983609     
  0.99999691239206623     
  0.99999691209609620     
  0.99999691015814340     
  0.99999691410767866     
  0.99999690940271480     
  0.99999691284169867     
  0.99999691284108261     
  0.99999690789798290     
  0.99999691786516409     
  0.99999690460178181     
  0.99999691786363931     
  0.99999690855917878     
  0.99999691065415497     
  0.99999691697770210     
  0.99999690381518092     
  0.99999691972367222     
  0.99999690633281213     
  0.99999691274573577     
  0.99999691516439937     
  0.99999690546687536     
  0.99999691813775737     
  0.99999690766180116     
  0.99999691218774633     
  0.99999691439053284     
  0.99999690772749683     
  0.99999691497004495     
  0.99999691049712025     
  0.99999691103235022     
  0.99999691317151063     
  0.99999691078782005     
  0.99999691171249971     
  0.99999691209146513     
  0.99999691255746714     
  0.99999691124565770     
  0.99999691750721986     
  0.99999692434861420     
  0.99999694444636089     
  0.99999701258335161     
  0.99999715717627835     
  0.99999751295667694     
  0.99999832958717427     
   1.0000000692354722     
   1.0000037181490804     
   1.0000110335547618     
   1.0000250980669156     
   1.0000512042629472     
   1.0000977337883812     
   1.0001772798973403     
   1.0003075530569390     
   1.0005110241093071     
   1.0008125025572445     
   1.0012329552278416     
   1.0017774557442480     
   1.0024161687467610     
   1.0030582562213293     
   1.0035207171391396     
   1.0034978974170532     
   1.0025404575426649     
   1.0000539692491188     
  0.99532623559569533     
  0.98758717076199332     
  0.97609611040202315     
  0.96024117898855144     
  0.93962639307336127     
  0.91411804401991636     
  0.88382672198620549     
  0.84901806169726901     
  0.80997391281561892     
  0.76685921798605394     
  0.71967107329203572     
  0.66833422910824158     
  0.60047334846626543     
  0.51822043386073335     
  0.42723931742231791     
  0.33520751259726655     
  0.24970556481999545     
  0.17640276672311853     
  0.11814451531099018     
   7.5039830353134912E-002
   4.5234171158255856E-002
   2.5905280396243045E-002
   1.4111861652609595E-002
   7.3219477567846407E-003
   3.6233459042004663E-003
   1.7125121431302947E-003
   7.7407429690038744E-004
   3.3503960659901882E-004
   1.3900506931074986E-004
   5.5324970640715739E-005
   2.1132648053558486E-005
   7.7474553911305282E-006
   2.7253884141602077E-006
   9.1950134947546211E-007
   2.9735004047220375E-007
   9.2109918328787514E-008
   2.7316928167567022E-008
   7.7529776839433617E-009
   2.1053012725480995E-009
   5.4694515237359183E-010
   1.3595792033506874E-010
   3.2345045679781783E-011
   7.3674635292227439E-012
   1.6074655935521634E-012
   3.3613752369754031E-013
   6.7406935322139053E-014
   1.2971191546541301E-014
   2.3967721388049740E-015
   4.2553227282214444E-016
   7.2641353824164313E-017
   1.1930656042305543E-017
   1.8864759409116790E-018
   2.8735252409897033E-019
   4.2190760279200447E-020
   5.9746277558117762E-021
   8.1646658910820293E-022
   1.0772909928842573E-022
   1.3731490272907393E-023
   1.6916300641668056E-024
   2.0151131145787151E-025
   2.3221667901202040E-026
   2.5898321106360058E-027
   2.7964639605558024E-028
   2.9246416388046822E-029
   2.9636015983098950E-030
   2.9107200384865185E-031
   2.7717645767027994E-032
   2.5598927532068019E-033
   2.2936315291873725E-034
   1.9942603525535728E-035
   1.6830982929370239E-036
   1.3791549946351894E-037
   1.0974705971677975E-038
   8.4828754565477546E-040
   6.3701835516550433E-041
   4.6483845528842510E-042
   3.2966320682736658E-043
   2.2726312358439493E-044
   1.5231549089241276E-045
   9.9260689937512288E-047
   6.2905005294134747E-048
   3.8772125255956209E-049
   2.3244895962089954E-050
   1.3556629303137391E-051
   7.6918351711753315E-053
   4.2461560670390570E-054
   2.2807565012770815E-055
   1.1920757034456140E-056
   6.0630537579780060E-058
   3.0009460920885878E-059
   1.4454947654610874E-060
   6.7760192353834466E-062
   3.0912676974330489E-063
   1.3724687557830674E-064
   5.9301824332229642E-066
   2.4935904423051319E-067
   1.0203784602525041E-068
   4.0631229172270129E-070
   1.5743467373791769E-071
   5.9355031938558330E-073
   2.1772189055591545E-074
   7.7696302705217081E-076
   2.6972063278469745E-077
   9.1075356195518659E-079
   2.9909777596322412E-080
   9.5521043574637420E-082
   2.9662081461803654E-083
   8.9548643860181044E-085
   2.6278721454944442E-086
   7.4948851099115083E-088
   2.0770937860070065E-089
   0.0000000000000000     
