   0.0000000000000000     
   1.1970296654713006     
   1.1971706778098619     
   1.1973341253047045     
   1.1975209286900030     
   1.1925977480672498     
   1.1876047137602326     
   1.1825406617998837     
   1.1774041981664809     
   1.1721938846685804     
   1.1669083824382085     
   1.1615466517536313     
   1.1561080838486282     
   1.1505925749297212     
   1.1450005934665808     
   1.1393330893197233     
   1.1335914300795698     
   1.1277772272908719     
   1.1218921624658016     
   1.1159378369604807     
   1.1099156186848704     
   1.1038265827502480     
   1.0976715034512365     
   1.0914508874767659     
   1.0851651060481748     
   1.0788144766459580     
   1.0723994095387699     
   1.0659204674986835     
   1.0593784077622459     
   1.0527741847767591     
   1.0461088800223617     
   1.0393836639746494     
   1.0325997130452487     
   1.0257581783237109     
   1.0188601783709264     
   1.0119067960558847     
   1.0048991367557458     
  0.99783835089993467     
  0.99072566533887940     
  0.98356241633359820     
  0.97635001042617386     
  0.96908995657059527     
  0.96178380065831770     
  0.95443314877551855     
  0.94703964443092536     
  0.93960498138639270     
  0.93213091956156779     
  0.92461929310377378     
  0.91707202333973226     
  0.90949112428092660     
  0.90187869064490911     
  0.89423691183683729     
  0.88656805019904161     
  0.87887446326701868     
  0.87115859208511182     
  0.86342297918241917     
  0.85567027358866377     
  0.84790322630029058     
  0.84012471051102156     
  0.83233770337521129     
  0.82454530771899948     
  0.81675074097566525     
  0.80895735051236950     
  0.80116861333835121     
  0.79338814339941177     
  0.78561969619130378     
  0.77786717186178123     
  0.77013462060725968     
  0.76242624614721632     
  0.75474641204709880     
  0.74709964447392252     
  0.73949064054699354     
  0.73192426788973597     
  0.72440557201651723     
  0.71693978040080530     
  0.70953230035319115     
  0.70218873460974796     
  0.69491486621228971     
  0.68771668534713626     
  0.68060036009776470     
  0.67357227000496867     
  0.66663897616523771     
  0.65980723943003194     
  0.65308401496789936     
  0.64647643361746421     
  0.63999183116743641     
  0.63363768918538022     
  0.62742169196610564     
  0.62135164364823947     
  0.61543552627777798     
  0.60968142482634502     
  0.60409755168932666     
  0.59869221141759421     
  0.59347376022376952     
  0.58845063254316210     
  0.58363123224789748     
  0.57902400109495844     
  0.57463727881542292     
  0.57047937190502951     
  0.56655842112759025     
  0.56265645956239785     
  0.55878253711609893     
  0.55494604977598161     
  0.55115671479379424     
  0.54742454765590143     
  0.54375983454019738     
  0.54017310281456632     
  0.53667508728387769     
  0.53327669144173406     
  0.52998894418660947     
  0.52682295384454769     
  0.52378985861097371     
  0.52090077209900476     
  0.51816672407139386     
  0.51559859788818718     
  0.51320706666857763     
  0.51100252702059001     
  0.50899503026529880     
  0.50719421010961252     
  0.50560921089284505     
  0.50424861863498482     
  0.50312039592006186     
  0.50223181727823596     
  0.50158940429169718     
  0.50119886589708518     
  0.50106504899720428     
  0.50119190066599173     
  0.50158243553847848     
  0.50223870482261423     
  0.50316177069966483     
  0.50435169429835380     
  0.50580754305316611     
  0.50752741070613316     
  0.50950843892285480     
  0.51174683493855844     
  0.51423789200457326     
  0.51697602713837665     
  0.51995484107536727     
  0.52316719132809697     
  0.52660525920584267     
  0.53026059801392422     
  0.53412416840066113     
  0.53818638034927191     
  0.54243715956757632     
  0.54686603927109489     
  0.55146225717651531     
  0.55621483087498025     
  0.56111259623123966     
  0.56614421497098810     
  0.57129817764969959     
  0.57656283030721067     
  0.58192643897840701     
  0.58737728369283981     
  0.59290375561900877     
  0.59849442711173706     
  0.60413807600462321     
  0.60982366491422335     
  0.61554029372488595     
  0.62127715258474070     
  0.62702349892931963     
  0.63276867078806553     
  0.63850213414872925     
  0.64421355101665667     
  0.64989285001036046     
  0.65553028282582648     
  0.66111645663757068     
  0.66664233974999698     
  0.67209924476653526     
  0.67747879719830284     
  0.68277289863007851     
  0.68797369244240203     
  0.69307353718390030     
  0.69806499031143576     
  0.70294080252423019     
  0.70769392125937813     
  0.71231749999391680     
  0.71680490993404333     
  0.72114975142375159     
  0.72534586202205320     
  0.72938731983768934     
  0.73326844300518912     
  0.73698378798759279     
  0.74052814901087072     
  0.74389655912365993     
  0.74708429288808398     
  0.75008686961935689     
  0.75290005458041853     
  0.75551985551279266     
  0.75794251503353915     
  0.76016450323087958     
  0.76218251409951132     
  0.76399346530749246     
  0.76559449769513099     
  0.76698297250977399     
  0.76815646780560209     
  0.76911277555051039     
  0.76984989897109801     
  0.77036604866305147     
  0.77065963801506421     
   0.0000000000000000     
