   0.0000000000000000     
   1.1276731378949902     
   1.1277853146159087     
   1.1278989072100774     
   1.1280105319002722     
   1.1083417551709527     
   1.0878836762887234     
   1.0667405855236194     
   1.0450247705953157     
   1.0228569774417333     
   1.0003669164339599     
  0.97769389074721780     
  0.95498740963744144     
  0.93240771117479704     
  0.91012616794976753     
  0.88832523934818375     
  0.86719803407585083     
  0.84694710789471761     
  0.82778243983106004     
  0.80991847141643325     
  0.79357003363983358     
  0.77894731849214549     
  0.76624993501197303     
  0.75566026812497122     
  0.74733671160834014     
  0.74140697081100126     
  0.73796235455265224     
  0.73705330160900140     
  0.73868682391493157     
  0.74282612604250975     
  0.74939232759763508     
  0.75826835188488084     
  0.76930428191447131     
  0.78232385894605261     
  0.79713141192664816     
  0.81351858118332920     
  0.83127059151163452     
  0.85017150082603199     
  0.87000845331187759     
  0.89057492762750112     
  0.91167284653413250     
  0.93311413767701723     
  0.95472137534157286     
  0.97632822735215496     
  0.99777941860623032     
   1.0189305669748054     
   1.0396478736896768     
   1.0598076988904153     
   1.0792961074605449     
   1.0980083810112082     
   1.1158484908866380     
   1.1327286732257964     
   1.1485689339118152     
   1.1632967212221057     
   1.1768465380169106     
   1.1891596808308043     
   1.2001839786878734     
   1.2098735379972718     
   1.2181885979954836     
   1.2250952960086190     
   1.2305655886909432     
   1.2345770913043368     
   1.2371130306331002     
   1.2381621664948375     
   1.2377187630363382     
   1.2357825738594090     
   1.2323588402010102     
   1.2274583230561955     
   1.2210973455987237     
   1.2132978716953400     
   1.2040876012958694     
   1.1935000990417557     
   1.1815749468202952     
   1.1683579316988875     
   1.1539012696392135     
   1.1382638603313975     
   1.1215116061304868     
   1.1037177406368677     
   1.0849632605844162     
   1.0653373356756959     
   1.0449378559004363     
   1.0238719410848458     
   1.0022565616043000     
  0.98021915628033451     
  0.95789823589540013     
  0.93544403695190692     
  0.91301895280770529     
  0.89079800490649386     
  0.86896882984629686     
  0.84773152664430007     
  0.82729773862863454     
  0.80788918649598029     
  0.78973517836863161     
  0.77306900507498688     
  0.75812322204207461     
  0.74512341522756464     
  0.73428115884435474     
  0.72578579410952249     
  0.71979636866910179     
  0.71643374042400720     
  0.71333133747992239     
  0.71041139398947240     
  0.70759517573179265     
  0.70480434297383687     
  0.70196224745246460     
  0.69899512963320554     
  0.69583320501902102     
  0.69241162711960846     
  0.68867132343169435     
  0.68455970710534908     
  0.68003127148910125     
  0.67504807286587354     
  0.66958010776771015     
  0.66360559357102489     
  0.65711116187146157     
  0.65009197297238019     
  0.64255175523633490     
  0.63450277292604051     
  0.62596572384681681     
  0.61696956967668271     
  0.60755129701449895     
  0.59775560346578704     
  0.58763449894955677     
  0.57724681255548660     
  0.56665759493927059     
  0.55593740174288586     
  0.54516143975355069     
  0.53440855711776059     
  0.52376006369672601     
  0.51329837261956635     
  0.50310545866164291     
  0.49326113697551249     
  0.48384118287290179     
  0.47491533784322981     
  0.46654527141398411     
  0.45878258556135765     
  0.45166695830261372     
  0.44522453434365583     
  0.43946667996057126     
  0.43438921876376407     
  0.42997223936485396     
  0.42618051227604148     
  0.42296448946307713     
  0.42026180795636875     
  0.41799919300633287     
  0.41609465434068804     
  0.41445987101476661     
  0.41300265561070271     
  0.41162938027374946     
  0.41024724562705644     
  0.40876629646734303     
  0.40710113195467745     
  0.40517230994998954     
  0.40290748615062000     
  0.40024234553001264     
  0.39712137554061400     
  0.39349850936149960     
  0.38933764763382156     
  0.38461305749856423     
  0.37930965321368681     
  0.37342317564726812     
  0.36696030215972097     
  0.35993872604312788     
  0.35238724293860885     
  0.34434587149389878     
  0.33586601919377723     
  0.32701068640371900     
  0.31785468236524539     
  0.30848480674544604     
  0.29899992618604326     
  0.28951084430513363     
  0.28013982364961293     
  0.27101956948185679     
  0.26229143545181849     
  0.25410257610854281     
  0.24660177860588178     
  0.23993379425811207     
  0.23423219856862931     
  0.22961114779083253     
  0.22615682630578746     
  0.22391976641901473     
  0.22290938592034545     
  0.22309187140236333     
  0.22439192513394268     
  0.22669807912677503     
  0.22987056284222365     
  0.23375034200373251     
  0.23816799835154226     
  0.24295148395709848     
  0.24793225817457634     
  0.25294972282349304     
  0.25785413160856402     
  0.26250826959305734     
  0.26678822441444955     
  0.27058354229306669     
  0.27379700230764081     
  0.27634417592573896     
  0.27815288311665937     
  0.27916261978474205     
   0.0000000000000000     
