   0.0000000000000000     
  0.95462534066518034     
  0.95491861033311509     
  0.95526436390864633     
  0.95566354783656271     
  0.91193448295691260     
  0.87134295689676278     
  0.83620748324600247     
  0.80882755491750136     
  0.79121861727372589     
  0.78478935448819853     
  0.79006131320682882     
  0.80655231113560899     
  0.83288236947422967     
  0.86704921973467497     
  0.90675276739926536     
  0.94966570969073894     
  0.99360918408090448     
   1.0366422405173454     
   1.0770931758240487     
   1.1135593922889897     
   1.1448936997196073     
   1.1701871658686125     
   1.1887533244919086     
   1.2001153866398773     
   1.2039972502065026     
   1.2003179439596290     
   1.1891897390433170     
   1.1709197180295001     
   1.1460149298045359     
   1.1151913870374410     
   1.0793865094481423     
   1.0397744990762749     
  0.99778195976009865     
  0.95509827931616198     
  0.91366990250992863     
  0.87565980459570436     
  0.84334716065398874     
  0.81894333526663676     
  0.80432311545541146     
  0.80071915466573662     
  0.80847947819412147     
  0.82699397737392333     
  0.85482509319830335     
  0.88997991582659497     
  0.93021201079305149     
  0.97326632853510475     
   1.0170362323744473     
   1.0596432679214267     
   1.0994652819763928     
   1.1351363228823177     
   1.1655344714945639     
   1.1897663181475433     
   1.2071528134464766     
   1.2172178495396013     
   1.2196803971882806     
   1.2144499685266941     
   1.2016252658458160     
   1.1814963564100989     
   1.1545499277431683     
   1.1214787189998812     
   1.0831945852821987     
   1.0408457236952229     
  0.99583602468107835     
  0.94984250282897187     
  0.90482092424708305     
  0.86298131675665513     
  0.82670526896342200     
  0.79837282665853582     
  0.78008450759062653     
  0.77331605909738688     
  0.77861426572390424     
  0.79546967176784278     
  0.82243234992164305     
  0.85741112719810209     
  0.89802140082383419     
  0.94186949162887135     
  0.98673176770191917     
   1.0306414712700946     
   1.0719150223336824     
   1.1091470929077554     
   1.1411929558884972     
   1.1671487278886932     
   1.1863338509297070     
   1.1982774675246886     
   1.2027091642774841     
   1.1995533438002330     
   1.1889276774500774     
   1.1711445493515391     
   1.1467164450084752     
   1.1163643788462767     
   1.0810299825800687     
   1.0418898967849604     
   1.0003702241153010     
  0.95815565889013032     
  0.91718192012414901     
  0.87959422828068812     
  0.84764640701418936     
  0.82351920787355348     
  0.80905693095295783     
  0.79427679196229084     
  0.77912967924267773     
  0.76360433797857707     
  0.74772711816766368     
  0.73155913904687564     
  0.71519102208471430     
  0.69873550771759418     
  0.68231843029236894     
  0.66606868698438948     
  0.65010798082706711     
  0.63454122249532741     
  0.61944851574471038     
  0.60487958809784448     
  0.59085133791130384     
  0.57734885732382235     
  0.56432989600504113     
  0.55173231791305100     
  0.53948373255031934     
  0.52751222361994821     
  0.51575697592477354     
  0.50417763234876134     
  0.49276135653964231     
  0.48152679542056664     
  0.47052439014222819     
  0.45983277226222463     
  0.44955131447027652     
  0.43978928563971575     
  0.43065248540663231     
  0.42222867950757675     
  0.41457355291346532     
  0.40769911278170518     
  0.40156636429944509     
  0.39608357178181641     
  0.39111058452936570     
  0.38646875593906732     
  0.38195516659911638     
  0.37735936285877758     
  0.37248069952302543     
  0.36714458776334746     
  0.36121636634153970     
  0.35461198592165211     
  0.34730508588010806     
  0.33933026933015958     
  0.33078244570708354     
  0.32181207322986205     
  0.31261609025142939     
  0.30342437601573363     
  0.29448182416421775     
  0.28602664011919970     
  0.27826633258716732     
  0.27135396561721103     
  0.26536822756680012     
  0.26030119532628954     
  0.25605682126450108     
  0.25246112145072008     
  0.24928245988250644     
  0.24625825200128718     
  0.24312362928857759     
  0.23963817550509561     
  0.23560821408182406     
  0.23090357698284503     
  0.22546882718729436     
  0.21932937019026105     
  0.21259282652124356     
  0.20544557983936798     
  0.19814371448982018     
  0.19099682935961737     
  0.18434287326625942     
  0.17851290452961635     
  0.17378734675567725     
  0.17034996660478544     
  0.16825055804506639     
  0.16738838893534089     
  0.16752307101641509     
  0.16830968850534520     
  0.16934696328704754     
  0.17022563467525850     
  0.17056833417262590     
  0.17005794101343297     
  0.16845549426058518     
  0.16561045224787385     
  0.16146617281373288     
  0.15606287310476327     
  0.14953955570583569     
  0.14213554840798581     
  0.13419111240441695     
  0.12614442719849420     
  0.11851845294727556     
  0.11188597006707923     
  0.10679863452049640     
  0.10367675188768027     
  0.10268891449602534     
  0.10368408035974372     
  0.10622412571319273     
  0.10969807339749062     
  0.11345149721217522     
  0.11688000121376528     
  0.11947693391737065     
  0.12084915427256991     
   0.0000000000000000     
