   0.0000000000000000     
   1.0003664832623731     
   1.0006198474171524     
   1.0010276826183502     
   1.0016688339761384     
   1.0027124192247268     
   1.0043114329666665     
   1.0066985952601535     
   1.0101684156465536     
   1.0150752698268766     
   1.0218207160510009     
   1.0308268553500728     
   1.0424936540473000     
   1.0571414781242692     
   1.0749438183120354     
   1.0958603743939122     
   1.1195841000059270     
   1.1455176538397898     
   1.1727917095325557     
   1.2003310013257373     
   1.2269633812157437     
   1.2515561561919069     
   1.2731550732219019     
   1.2910979089915315     
   1.3050788801890483     
   1.3151506494885568     
   1.3216664676293242     
   1.3251788674191949     
   1.3263218454932530     
   1.3257036890166527     
   1.3238320357454760     
   1.3210793479158796     
   1.3176855597080288     
   1.3137845705753135     
   1.3094396752830166     
   1.3046753672835185     
   1.2994994764166505     
   1.2939152122443485     
   1.2879256941893333     
   1.2815350027760462     
   1.2747477827829095     
   1.2675692861767736     
   1.2600051953392701     
   1.2520617614532801     
   1.2437456663879198     
   1.2350640844003313     
   1.2260247220675040     
   1.2166356508114731     
   1.2069054146757618     
   1.1968429006939620     
   1.1864575865510365     
   1.1757593514805025     
   1.1647586001327648     
   1.1534662896495000     
   1.1418938858852079     
   1.1300534224946668     
   1.1179573952793023     
   1.1056190514320390     
   1.0930522092569894     
   1.0802713257837420     
   1.0672915459078778     
   1.0541287032730600     
   1.0407994129692457     
   1.0273209697308940     
   1.0137116093424816     
  0.99999037029494275     
  0.98617711414785203     
  0.97229269058521584     
  0.95835887885480509     
  0.94439850008475668     
  0.93043537454397429     
  0.91649446960454561     
  0.90260184936015109     
  0.88878465425241326     
  0.87507132084551009     
  0.86149142756148611     
  0.84807576058352963     
  0.83485637046746997     
  0.82186645717006057     
  0.80914039793793457     
  0.79671368118019525     
  0.78462285939986465     
  0.77290539394929658     
  0.76159952557000665     
  0.75074415262057470     
  0.74037850932768867     
  0.73054200117354784     
  0.72127390443486472     
  0.71261293090321409     
  0.70459694886029989     
  0.69726250291054293     
  0.69064433921596480     
  0.68477501313819278     
  0.67968434030507519     
  0.67539894176211812     
  0.67194182061222096     
  0.66933190518257091     
  0.66758373069330057     
  0.66670715710548090     
  0.66670715575189443     
  0.66670715665427571     
  0.66670715559987637     
  0.66670715642722156     
  0.66670715709445649     
  0.66670715230748034     
  0.66670716546988384     
  0.66670713863984410     
  0.66670718285662900     
  0.66670712514412567     
  0.66670717499115928     
  0.66670718175175714     
  0.66670704508779222     
  0.66670736985506041     
  0.66670691285844441     
  0.66670719984009275     
  0.66670764371378355     
  0.66670605522798265     
  0.66670807801124921     
  0.66670823166860238     
  0.66670307829402242     
  0.66671049780755354     
  0.66671326151515631     
  0.66669131582118668     
  0.66670624196586847     
  0.66675101021966465     
  0.66668431496004565     
  0.66659117719418215     
  0.66679037270723329     
  0.66706105339915545     
  0.66657016224055210     
  0.66548545944112392     
  0.66604182950726043     
  0.67018834553700679     
  0.67502675231541609     
  0.67093296523334045     
  0.64546172344716113     
  0.59060515959480631     
  0.50786594961398512     
  0.40778757443054953     
  0.30503051223444483     
  0.21261017839443408     
  0.13832090360700569     
   8.4197363532720476E-002
   4.8082678889535949E-002
   2.5831911536409905E-002
   1.3090937819012221E-002
   6.2739668013666273E-003
   2.8504357945955626E-003
   1.2303907372034199E-003
   5.0562351971679626E-004
   1.9818924116792700E-004
   7.4224487376240033E-005
   2.6601591108332087E-005
   9.1364495211100057E-006
   3.0110250675022690E-006
   9.5328314627044777E-007
   2.9023799133287580E-007
   8.5059140502044328E-008
   2.4015519272935251E-008
   6.5373576413210009E-009
   1.7169459469259422E-009
   4.3534568225692036E-010
   1.0663324234057901E-010
   2.5244765546168478E-011
   5.7795676188785355E-012
   1.2801995420576580E-012
   2.7448697752667780E-013
   5.6993237915077687E-014
   1.1464944709266898E-014
   2.2353839154319630E-015
   4.2261418084003166E-016
   7.7504060987106099E-017
   1.3793255357613736E-017
   2.3830961782893570E-018
   3.9986796778424462E-019
   6.5186396679752580E-020
   1.0328208665994772E-020
   1.5910371247046869E-021
   2.3838543558915347E-022
   3.4751788848866664E-023
   4.9308712568452644E-024
   6.8118836418212997E-025
   9.1654286788420016E-026
   1.2014955938254452E-026
   1.5350202515638512E-027
   1.9118951871610586E-028
   2.3222256956636445E-029
   2.7514669186991628E-030
   3.1810438736368719E-031
   3.5895774690504861E-032
   3.9546221497305733E-033
   4.2547225040208422E-034
   4.4715243921366072E-035
   4.5916482959903921E-036
   4.6080570515628690E-037
   4.5207238238136176E-038
   4.3365180957400687E-039
   4.0687233378386384E-040
   3.7799331994483750E-041
   0.0000000000000000     
