   0.0000000000000000     
  0.99974596867786658     
  0.99958038302889229     
  0.99932745891129060     
  0.99895255033036112     
  0.99819970531130175     
  0.99699369615456912     
  0.99511921043678953     
  0.99229320919899566     
  0.98816212844720919     
  0.98230933773319495     
  0.97427677206352270     
  0.96360363088250789     
  0.94988206441713119     
  0.93282628697720205     
  0.91234693764691532     
  0.88861930446135984     
  0.86213193175255265     
  0.83370337693263497     
  0.80445798128762747     
  0.77575680958388149     
  0.74908535425899581     
  0.72590592833970202     
  0.70749120020295553     
  0.69476656059379727     
  0.68819946867643456     
  0.68777115980551429     
  0.69304435415103971     
  0.70330400059362930     
  0.71772228690845929     
  0.73549651492725487     
  0.75593133237316246     
  0.77846336892200563     
  0.80264662212956905     
  0.82812109615594620     
  0.85458258137768039     
  0.88176174020971643     
  0.90941304317501359     
  0.93731052951700067     
  0.96524631069097511     
  0.99302991810447350     
   1.0204870799849493     
   1.0474585904887737     
   1.0737989742955190     
   1.0993754154625814     
   1.1240666522569076     
   1.1477620017806618     
   1.1703606226853893     
   1.1917707096316386     
   1.2119089262112392     
   1.2306997280664858     
   1.2480750008185173     
   1.2639736065233458     
   1.2783410436419742     
   1.2911291988358671     
   1.3022960910350112     
   1.3118057249425272     
   1.3196278298874742     
   1.3257378159734723     
   1.3301166585766417     
   1.3327508124600558     
   1.3336321729287854     
   1.3327580261347998     
   1.3301310730981979     
   1.3257593855152336     
   1.3196564817991785     
   1.3118413780131446     
   1.3023386337074965     
   1.2911784734995322     
   1.2783969025179909     
   1.2640358719877918     
   1.2481434670622691     
   1.2307741481457732     
   1.2119890281556811     
   1.1918562062480229     
   1.1704511700970130     
   1.1478572624285464     
   1.1241662370928642     
   1.0994788944104055     
   1.0739058256708072     
   1.0475682627548686     
   1.0205990601591721     
  0.99314376000222804     
  0.96536177667642420     
  0.93742768593193337     
  0.90953245372235592     
  0.88188470431537236     
  0.85471176074994770     
  0.82826019940585782     
  0.80279588979100125     
  0.77860286499510678     
  0.75598070890203972     
  0.73524012739544542     
  0.71669590572702024     
  0.70065727452578919     
  0.68741570417998421     
  0.67723048310264067     
  0.67031368697658600     
  0.66681609524527108     
  0.66681608568619988     
  0.66681609271573794     
  0.66681608133104053     
  0.66681610308404837     
  0.66681606247255343     
  0.66681613256436767     
  0.66681602249716754     
  0.66681617776748736     
  0.66681598621306626     
  0.66681617934775861     
  0.66681605410177691     
  0.66681601325247986     
  0.66681630841549389     
  0.66681576215842431     
  0.66681636792937005     
  0.66681609868861080     
  0.66681563688406575     
  0.66681677376139914     
  0.66681578750113468     
  0.66681557050874884     
  0.66681679343603928     
  0.66681634036341542     
  0.66681604298055175     
  0.66681281591768637     
  0.66681734621697764     
  0.66683232840539797     
  0.66680200057031491     
  0.66675552665658955     
  0.66687556980714224     
  0.66705051802953408     
  0.66669134607578207     
  0.66585555452328204     
  0.66632910564790282     
  0.66993506674516701     
  0.67430282013029441     
  0.67041300314341556     
  0.64584337876099462     
  0.59210231045010187     
  0.51018275062494112     
  0.41039633425283228     
  0.30745523842197936     
  0.21457041013343744     
  0.13973840125159509     
   8.5130147729569020E-002
   4.8647782117170711E-002
   2.6149749673445279E-002
   1.3257965557910267E-002
   6.3563942766052799E-003
   2.8887933500237211E-003
   1.2472806388718776E-003
   5.1268149094102348E-004
   2.0099540785899523E-004
   7.5288361183474908E-005
   2.6986939805063140E-005
   9.2700316964063852E-006
   3.0554095624935642E-006
   9.6743731960627908E-007
   2.9457534812354478E-007
   8.6337677499084897E-008
   2.4378396592278728E-008
   6.6366082677696206E-009
   1.7431257319183127E-009
   4.4201007171643002E-010
   1.0827154025305595E-010
   2.5633917688381524E-011
   5.8689349385565327E-012
   1.3000511479348406E-012
   2.7875457845157414E-013
   5.7881513654708306E-014
   1.1644040310430169E-014
   2.2703773385630770E-015
   4.2924303703557810E-016
   7.8721994051536336E-017
   1.4010385004237206E-017
   2.4206713103572392E-018
   4.0618247093411091E-019
   6.6217266038501015E-020
   1.0491761966795243E-020
   1.6162643015475972E-021
   2.4216978305665159E-022
   3.5304098502324278E-023
   5.0093219262014719E-024
   6.9203719631449708E-025
   9.3115415041887306E-026
   1.2206670957924765E-026
   1.5595349493272141E-027
   1.9424539954752652E-028
   2.3593723169455404E-029
   2.7955128235298314E-030
   3.2320030128032053E-031
   3.6471205000829297E-032
   4.0180584813520053E-033
   4.3230153907496045E-034
   4.5433400687548809E-035
   4.6654354309840140E-036
   4.6821484627735457E-037
   4.5934492358258449E-038
   4.4063153499891599E-039
   4.1342420948397146E-040
   3.8408304605566746E-041
   0.0000000000000000     
