   0.0000000000000000     
  0.99978490250478835     
  0.99953458673536744     
  0.99908990934809472     
  0.99833713910705135     
  0.99758597194099197     
  0.99666383893069632     
  0.99565211188771063     
  0.99474277756193008     
  0.99428927440216908     
  0.99485521849588132     
  0.99724364127924559     
   1.0024823971347150     
   1.0117389672927171     
   1.0261478128247532     
   1.0465598534153400     
   1.0732625760449543     
   1.1057512291010489     
   1.1426321884477719     
   1.1817010013629643     
   1.2201794097758563     
   1.2550499413437153     
   1.2834105760332293     
   1.3027818871685133     
   1.3113221420049777     
   1.3079314241601996     
   1.2922503618866192     
   1.2645777995707059     
   1.2257452003111970     
   1.1769882451535334     
   1.1198523358922505     
   1.0561557311172765     
  0.98802092521073615     
  0.91796927828784680     
  0.84905965071960299     
  0.78502400001671335     
  0.73029556691505992     
  0.68973344851906904     
  0.66781715119550078     
  0.66736277945082423     
  0.68843099468029523     
  0.72830081660967527     
  0.78253228600934155     
  0.84626104972619887     
  0.91503296652889177     
  0.98511017906920495     
   1.0534725395395341     
   1.1177107534036779     
   1.1759085853301596     
   1.2265470427722407     
   1.2684346952246561     
   1.3006602882142724     
   1.3225614066495279     
   1.3337047500862611     
   1.3338746876919714     
   1.3230679321897940     
   1.3014935922948692     
   1.2695780336244435     
   1.2279763511613189     
   1.1775917484798997     
   1.1196063577301130     
   1.0555282086843143     
  0.98725992100252946     
  0.91719395606558207     
  0.84832970894975146     
  0.78438197132774534     
  0.72978520962122273     
  0.68940037072636418     
  0.66769824626577046     
  0.66747189364299153     
  0.68875209454062691     
  0.72879411747532519     
  0.78314785166394807     
  0.84695007085936336     
  0.91575317647937227     
  0.98582696820538196     
   1.0541581992567679     
   1.1183432514899159     
   1.1764704435372531     
   1.2270244137819035     
   1.2688168415882950     
   1.3009391624914717     
   1.3227313945867674     
   1.3337625298666904     
   1.3338191955410241     
   1.3229002582441445     
   1.3012169260474522     
   1.2691979550032977     
   1.2275008322995298     
   1.1770314819494869     
   1.1189751422130525     
   1.0548434317980813     
  0.98654355473121802     
  0.91647350532042660     
  0.84763960634136570     
  0.78376441513680550     
  0.72928891358003889     
  0.68907523460554831     
  0.66758392688089141     
  0.66758391972308928     
  0.66758392465329419     
  0.66758391874099210     
  0.66758392336582162     
  0.66758392746814577     
  0.66758390012551949     
  0.66758397185141982     
  0.66758383432699020     
  0.66758404336787602     
  0.66758379849883298     
  0.66758397734081110     
  0.66758402788786486     
  0.66758359739390749     
  0.66758438889793970     
  0.66758357362699372     
  0.66758384888449562     
  0.66758437510882418     
  0.66758370627951014     
  0.66758344408970727     
  0.66758375128200420     
  0.66758737762737375     
  0.66757958001605289     
  0.66757681688016723     
  0.66760624249409994     
  0.66758482380308326     
  0.66752091604884090     
  0.66761150413567827     
  0.66773280974012728     
  0.66751478366003769     
  0.66725132436322765     
  0.66757860560286053     
  0.66811362220934445     
  0.66807420797586603     
  0.66826373357372915     
  0.66951511190425683     
  0.66706332142638092     
  0.64892756683920583     
  0.60324578127579742     
  0.52728540176550620     
  0.42962507395438615     
  0.32532924487395426     
  0.22902941175615935     
  0.15020256215285888     
   9.2021959379002774E-002
   5.2826487184132222E-002
   2.8501876327116649E-002
   1.4494932504070997E-002
   6.9672366862618745E-003
   3.1732195175829918E-003
   1.3725897818679966E-003
   5.6507171989543655E-004
   2.2183449480159902E-004
   8.3192095968526771E-005
   2.9850836698342199E-005
   1.0263146061078961E-005
   3.3854878286722112E-006
   1.0727290049700216E-006
   3.2684905743732794E-007
   9.5853416101627389E-008
   2.7079783023815531E-008
   7.3756191587631857E-009
   1.9380958441138515E-009
   4.9165112694489156E-010
   1.2047679892223598E-010
   2.8533545577526865E-011
   6.5349222681232456E-012
   1.4480107938395793E-012
   3.1056637336921583E-013
   6.4503762892288806E-014
   1.2979383379038269E-014
   2.5313179536531682E-015
   4.7867848544322909E-016
   8.7805749417857018E-017
   1.5629959544730849E-017
   2.7009692960946762E-018
   4.5329042881896185E-019
   7.3908437283555093E-020
   1.1712100062400331E-020
   1.8045077533819382E-021
   2.7041019807243799E-022
   3.9425928906684761E-023
   5.5948263975794243E-024
   7.7301041042914236E-025
   1.0402153778161368E-025
   1.3637740484379161E-026
   1.7425356105968115E-027
   2.1705843526591442E-028
   2.6366951466427515E-029
   3.1243573533057986E-030
   3.6124771513457130E-031
   4.0767687098209238E-032
   4.4917273353082945E-033
   4.8329659325257387E-034
   5.0796144165982981E-035
   5.2164498845375772E-036
   5.2354529789477084E-037
   5.1365694956164454E-038
   4.9275833975091800E-039
   4.6235710196557677E-040
   4.2956564302798277E-041
   0.0000000000000000     
