   0.0000000000000000     
   1.0000059617612602     
   1.0000059497539908     
   1.0000059257491867     
   1.0000058897254476     
   1.0000058897764401     
   1.0000058897200910     
   1.0000058897584629     
   1.0000058897842341     
   1.0000058896234847     
   1.0000058900136177     
   1.0000058892815034     
   1.0000058904753990     
   1.0000058887102934     
   1.0000058911214302     
   1.0000058880535534     
   1.0000058916935028     
   1.0000058876885762     
   1.0000058917144692     
   1.0000058881406615     
   1.0000058906997920     
   1.0000058897307023     
   1.0000058886338163     
   1.0000058920385280     
   1.0000058864491275     
   1.0000058936458640     
   1.0000058858778957     
   1.0000058928382300     
   1.0000058881583911     
   1.0000058893451618     
   1.0000058922190460     
   1.0000058856611973     
   1.0000058944969865     
   1.0000058855939273     
   1.0000058920931070     
   1.0000058899781812     
   1.0000058869477568     
   1.0000058942456180     
   1.0000058850758169     
   1.0000058929254547     
   1.0000058892520913     
   1.0000058873681068     
   1.0000058940511987     
   1.0000058853130194     
   1.0000058923986399     
   1.0000058901422482     
   1.0000058865293935     
   1.0000058947086836     
   1.0000058869246045     
   1.0000058930756690     
   1.0000059011201521     
   1.0000059076529377     
   1.0000059557991374     
   1.0000060463596980     
   1.0000062562866256     
   1.0000067221963780     
   1.0000075974598144     
   1.0000091398079829     
   1.0000114572513670     
   1.0000139545836917     
   1.0000141149787365     
   1.0000044615496417     
  0.99996665719419331     
  0.99986069443524128     
  0.99960608179507759     
  0.99905237468873742     
  0.99793717771999901     
  0.99583249569976229     
  0.99208663276515918     
  0.98577641391917292     
  0.97569125722108263     
  0.96037399256153233     
  0.93823807770608980     
  0.90776467397604255     
  0.86775944293324259     
  0.81762436249983161     
  0.75758291450927606     
  0.68879671976721613     
  0.61333151222154680     
  0.53396504028074043     
  0.45386845471275905     
  0.37622404924204295     
  0.30385594051814863     
  0.23894257001709948     
  0.18285499712762349     
  0.13613237385142843     
   9.8575859187421538E-002
   6.9421967157451608E-002
   4.7549253331865084E-002
   3.1677234575517438E-002
   2.0529103239359373E-002
   1.2944734186147430E-002
   7.9434302630940982E-003
   4.7445832348626295E-003
   2.7585276103337846E-003
   1.5601146322457057E-003
   8.5530826753826925E-004
   4.4784745462375311E-004
   2.0983829144695604E-004
   5.7638665678110134E-005
   1.4629723413379628E-005
   3.4270210433944537E-006
   7.3951674775978723E-007
   1.4681630768479423E-007
   2.6811895279771434E-008
   4.5084740199730512E-009
   6.9933074109824076E-010
   1.0030801235129925E-010
   1.3340424250149486E-011
   1.6497326445182403E-012
   1.9023400638630085E-013
   2.0510285822760440E-014
   2.0729126924405947E-015
   1.9686211718347774E-016
   1.7607095885400735E-017
   1.4861332767989453E-018
   1.1860492944022177E-019
   8.9657747307086811E-021
   6.4300957548277399E-022
   4.3816734592297374E-023
   2.8408773974542916E-024
   1.7547073377357772E-025
   1.0337207440523046E-026
   5.8145375516689347E-028
   3.1258731769788392E-029
   1.6075677847490701E-030
   7.9154560614710743E-032
   3.7344791839365514E-033
   1.6894459425881081E-034
   7.3334326430321318E-036
   3.0562246633690116E-037
   1.2235552456402855E-038
   4.7081268627855006E-040
   1.7420744623152985E-041
   6.2011162698723064E-043
   2.1243797168471647E-044
   7.0066886072876938E-046
   2.2256493463832715E-047
   6.8107517157354561E-049
   2.0083794195684038E-050
   5.7083995128787006E-052
   1.5642071210144672E-053
   4.1330174574998646E-055
   1.0531829588305334E-056
   2.5885918834859609E-058
   6.1375554053642043E-060
   1.4039052344033608E-061
   3.0982671522918760E-063
   6.5971547363912703E-065
   1.3553741885700417E-066
   2.6867328690203563E-068
   5.1385493876911900E-070
   9.4816819485801854E-072
   1.6878233994846337E-073
   2.8981656029059861E-075
   4.7997813523701035E-077
   7.6658224856057178E-079
   1.1804874087005587E-080
   1.7524453734738427E-082
   2.5073330978677780E-084
   3.4566558848730665E-086
   4.5904663998845206E-088
   5.8705844519654988E-090
   7.2274283005183278E-092
   8.5625740731333664E-094
   9.7581736688542375E-096
   1.0692678617996271E-097
   1.1260353175374708E-099
   1.1390463676823237E-101
   1.1061461067083054E-103
   1.0306310602391804E-105
   9.2072554795602121E-108
   7.8811026186995533E-110
   6.4586579223402601E-112
   5.0633477522540420E-114
   3.7938975632937013E-116
   2.7143496223237872E-118
   1.8523492779147531E-120
   1.2043768651202497E-122
   7.4515501704217162E-125
   4.3811659199594734E-127
   2.4442856167119010E-129
   1.2919129408246884E-131
   6.4575105855205888E-134
   3.0465020001379725E-136
   1.3536529489506051E-138
   5.6512628446051082E-141
   2.2108541964036604E-143
   8.0808383463048658E-146
   2.7502735708460600E-148
   8.6828955464412596E-151
   2.5318201938019251E-153
   6.7842723945203662E-156
   1.6608924940145277E-158
   3.6894653691843774E-161
   8.9157844548688324E-164
   0.0000000000000000     
   0.0000000000000000     
   0.0000000000000000     
   0.0000000000000000     
