   0.0000000000000000     
   1.0000057459925429     
   1.0000055530438199     
   1.0000051702318258     
   1.0000045988869499     
   1.0000045988716542     
   1.0000045986610167     
   1.0000045994197333     
   1.0000045977572998     
   1.0000046006896508     
   1.0000045961425952     
   1.0000046025863936     
   1.0000045940757971     
   1.0000046046580251     
   1.0000045922149861     
   1.0000046060544854     
   1.0000045915497495     
   1.0000046057453553     
   1.0000045930052939     
   1.0000046030941312     
   1.0000045967326878     
   1.0000045986058514     
   1.0000046014770436     
   1.0000045942489770     
   1.0000046047626914     
   1.0000045926217656     
   1.0000046043904629     
   1.0000045949644909     
   1.0000046005294161     
   1.0000045995217479     
   1.0000045962973760     
   1.0000046024676577     
   1.0000045952582008     
   1.0000046015242896     
   1.0000045976745535     
   1.0000045985655439     
   1.0000046001553859     
   1.0000045972927520     
   1.0000046000490312     
   1.0000045983621173     
   1.0000045987800503     
   1.0000045991229325     
   1.0000045988136848     
   1.0000045985623360     
   1.0000045992652871     
   1.0000045988120065     
   1.0000045982203560     
   1.0000046001942695     
   1.0000045978531877     
   1.0000046000743887     
   1.0000046031144292     
   1.0000046060390408     
   1.0000046289798183     
   1.0000046755948095     
   1.0000047918494686     
   1.0000050663391649     
   1.0000056120331848     
   1.0000066241413113     
   1.0000082162367070     
   1.0000100032889188     
   1.0000101107444681     
   1.0000026240371300     
  0.99997239790043357     
  0.99988519642341189     
  0.99967002460700227     
  0.99919059771038132     
  0.99820348701464989     
  0.99630310398474531     
  0.99286004953851636     
  0.98696758263056061     
  0.97741879209708238     
  0.96274140281534415     
  0.94131229467259525     
  0.91155696758736571     
  0.87221395856405870     
  0.82261782938907979     
  0.76293620951983598     
  0.69429596644452907     
  0.61875423280436215     
  0.53910609881423321     
  0.45856113725392394     
  0.38035323217363931     
  0.30736232781681277     
  0.24181886679673320     
  0.18513621378708536     
  0.13788303908254979     
   9.9876803065272468E-002
   7.0358718101560677E-002
   4.8203244527918541E-002
   3.2120188330591257E-002
   2.0820327009357563E-002
   1.3130689058493577E-002
   8.0588062821880767E-003
   4.8141716478955132E-003
   2.7993380063864094E-003
   1.5833737319545483E-003
   8.6814712687108915E-004
   4.5461018946451519E-004
   2.1302346050708706E-004
   5.8521696068092479E-005
   1.4855652921835302E-005
   3.4803137947624273E-006
   7.5108590186592633E-007
   1.4912497388867784E-007
   2.7235366476333196E-008
   4.5799495460247478E-009
   7.1045335329147987E-010
   1.0190778955460303E-010
   1.3553694075690337E-011
   1.6761611687225876E-012
   1.9328705278421809E-013
   2.0839977314673006E-014
   2.1062805109361076E-015
   2.0003498576763819E-016
   1.7891190668987230E-017
   1.5101365058164044E-018
   1.2052231159359041E-019
   9.1108358921702972E-021
   6.5342090691373599E-022
   4.4526682462784979E-023
   2.8869361377760153E-024
   1.7831726352838026E-025
   1.0504989894423775E-026
   5.9089596539655136E-028
   3.1766575066216832E-029
   1.6336962452936603E-030
   8.0441607187982034E-032
   3.7952242457900410E-033
   1.7169361310264694E-034
   7.4527995631321958E-036
   3.1059865474660625E-037
   1.2434831804380297E-038
   4.7848289160845420E-040
   1.7704627497433549E-041
   6.3021927322086932E-043
   2.1590146597891164E-044
   7.1209480820322894E-046
   2.2619511749268411E-047
   6.9218621321092708E-049
   2.0411503955553660E-050
   5.8015613529798595E-052
   1.5897396886465052E-053
   4.2004921149214556E-055
   1.0703797485597379E-056
   2.6308659803874196E-058
   6.2378022332967261E-060
   1.4268389749666646E-061
   3.1488863703158621E-063
   6.7049526672684085E-065
   1.3775238961416680E-066
   2.7306451778471736E-068
   5.2225443795554494E-070
   9.6366875859304353E-072
   1.7154187960672207E-073
   2.9455547315522654E-075
   4.8782726148735315E-077
   7.7911947518793435E-079
   1.1997957750312173E-080
   1.7811114842664850E-082
   2.5483511620456890E-084
   3.5132090478276049E-086
   4.6655757547750595E-088
   5.9666469593875743E-090
   7.3457026782599252E-092
   8.7027083934027655E-094
   9.9178869510522463E-096
   1.0867699714526790E-097
   1.1444679093493607E-099
   1.1576932166247930E-101
   1.1242555618151207E-103
   1.0475052982126814E-105
   9.3580128101181374E-108
   8.0101537469796847E-110
   6.5644231697378137E-112
   5.1462685891037075E-114
   3.8560325330445828E-116
   2.7588066299362064E-118
   1.8826896340408570E-120
   1.2241048613186912E-122
   7.5736146835251217E-125
   4.4529377765833208E-127
   2.4843296305249957E-129
   1.3130789787583918E-131
   6.5633120399502618E-134
   3.0964189111956062E-136
   1.3758335261064460E-138
   5.7438668677310631E-141
   2.2470837403787768E-143
   8.2132655457096673E-146
   2.7953463447912502E-148
   8.8252005603639117E-151
   2.5733161091520392E-153
   6.8954691900585517E-156
   1.6881161642356470E-158
   3.7499393961791872E-161
   9.0619759977629841E-164
   0.0000000000000000     
   0.0000000000000000     
   0.0000000000000000     
   0.0000000000000000     
