   0.0000000000000000     
   1.0000401238494683     
   1.0000326520952534     
   1.0000180351384600     
  0.99999691159614346     
  0.99999691188689765     
  0.99999691156756654     
  0.99999691177890304     
  0.99999691193783469     
  0.99999691102014732     
  0.99999691319040585     
  0.99999690921625073     
  0.99999691552537395     
  0.99999690647623918     
  0.99999691841994331     
  0.99999690380227846     
  0.99999692040085086     
  0.99999690302285693     
  0.99999691952927450     
  0.99999690581790157     
  0.99999691483399900     
  0.99999691200891638     
  0.99999690794684426     
  0.99999691848728378     
  0.99999690308390277     
  0.99999692071817059     
  0.99999690399987318     
  0.99999691687295766     
  0.99999690978146771     
  0.99999691071021646     
  0.99999691466041241     
  0.99999690832126764     
  0.99999691428382520     
  0.99999691066018792     
  0.99999691155615344     
  0.99999691213662123     
  0.99999691221741493     
  0.99999690973404887     
  0.99999691478099950     
  0.99999690899125371     
  0.99999691245793909     
  0.99999691399383672     
  0.99999690687852150     
  0.99999691723410356     
  0.99999690816075615     
  0.99999691129209434     
  0.99999691617560293     
  0.99999690468865488     
  0.99999691576898453     
  0.99999690703483246     
  0.99999689566688310     
  0.99999688675057585     
  0.99999682257439282     
  0.99999670675816044     
  0.99999645290421446     
  0.99999592524364667     
  0.99999501064902152     
  0.99999354759074544     
  0.99999158695952350     
  0.99998973899833588     
  0.99998958758779488     
  0.99999423220806649     
   1.0000079547401490     
   1.0000333112423410     
   1.0000623985327086     
   1.0000567260244089     
  0.99990890486594475     
  0.99938043905346696     
  0.99801600470216612     
  0.99504733829543768     
  0.98931631677610987     
  0.97925997619998217     
  0.96299964597082455     
  0.93855478924622981     
  0.90416362228470504     
  0.85865107881987701     
  0.80175693108915713     
  0.73433564590856126     
  0.65836708773892461     
  0.57676402308171204     
  0.49301323317027390     
  0.41072675897167077     
  0.33319707980690072     
  0.26304112175488925     
  0.20198838555483972     
  0.15082964728027273     
  0.10950662023278145     
   7.7298438756714799E-002
   5.3051740113973928E-002
   3.5406248010875406E-002
   2.2982026746743899E-002
   1.4511712968272493E-002
   8.9160638430237898E-003
   5.3314387809184054E-003
   3.1028064465823107E-003
   1.7563892098096633E-003
   9.6368009599677213E-004
   5.0494503171325282E-004
   2.3673639585307637E-004
   6.5098640467960424E-005
   1.6539089086772168E-005
   3.8775496644673778E-006
   8.3734812417182634E-007
   1.6634373118810760E-007
   3.0394517485138521E-008
   5.1132791062429832E-009
   7.9346225044003658E-010
   1.1384894743510515E-010
   1.5145816884787951E-011
   1.8734819299013029E-012
   2.1608415602795340E-013
   2.3302016954516400E-014
   2.3554825616937535E-015
   2.2373281169003186E-016
   2.0013208282561542E-017
   1.6894371462656266E-018
   1.3484566892521134E-019
   1.0194536004584653E-020
   7.3120381580883789E-022
   4.9830916250086919E-023
   3.2310681564406938E-024
   1.9958612731033083E-025
   1.1758677951312822E-026
   6.6145131829999570E-028
   3.5561458670691823E-029
   1.8289476469883840E-030
   9.0059622233992837E-032
   4.2491787603759402E-033
   1.9223778455993466E-034
   8.3448797466073196E-036
   3.4778857042919727E-037
   1.3924188336548814E-038
   5.3580879930798339E-040
   1.9826358457430254E-041
   7.0576466095735517E-043
   2.4178829520105271E-044
   7.9749576779901516E-046
   2.5332855895195398E-047
   7.7523565819042859E-049
   2.2860999540490649E-050
   6.4979159264534704E-052
   1.7805894990737763E-053
   4.7048543848112833E-055
   1.1989243226153557E-056
   2.9468644583919991E-058
   6.9871534279073557E-060
   1.5982716535886787E-061
   3.5272748857860416E-063
   7.5107699827045305E-065
   1.5431000108204596E-066
   3.0589062281541573E-068
   5.8504433136976939E-070
   1.0795430263209833E-071
   1.9217092807755737E-073
   3.2998164486951831E-075
   5.4650449908741264E-077
   8.7284385463880150E-079
   1.3441399591524811E-080
   1.9954129361481985E-082
   2.8549948263371922E-084
   3.9359926703048010E-086
   5.2270859351402518E-088
   6.6848046200288032E-090
   8.2299194739739782E-092
   9.7503548401345918E-094
   1.1111911761578978E-095
   1.2176172640433676E-097
   1.2822721917576557E-099
   1.2970999254039397E-101
   1.2596452119344242E-103
   1.1736607617595028E-105
   1.0485111892558727E-107
   8.9749757082604902E-110
   7.3551564845042319E-112
   5.7662124352103752E-114
   4.3205760000316912E-116
   3.0911844550611376E-118
   2.1095266886661877E-120
   1.3716000232292374E-122
   8.4862256031996975E-125
   4.9895392030037364E-127
   2.7837191653011958E-129
   1.4713275953276480E-131
   7.3543426653790725E-134
   3.4696266501840884E-136
   1.5416688449954190E-138
   6.4362321198801908E-141
   2.5179590812888302E-143
   9.2033790093961631E-146
   3.1323411462017000E-148
   9.8891726480256207E-151
   2.8835694567617662E-153
   7.7268585660903537E-156
   1.8916609226196954E-158
   4.2021012204449636E-161
   1.0155040361724665E-163
   0.0000000000000000     
   0.0000000000000000     
   0.0000000000000000     
   0.0000000000000000     
